image: map.pgm
resolution: 0.100000
origin: [-10.900000, -9.400000, -nan]
negate: 0
occupied_thresh: 0.65
free_thresh: 0.196

