image: map.pgm
resolution: 0.100000
origin: [-4.856204, -8.844062, -nan]
negate: 0
occupied_thresh: 0.65
free_thresh: 0.196

